Class , z , b , c , H , Mem , Runs , Th , FP% , MinB , MaxB , AvgB , MinL , MaxL , AvgL , MinTime , MaxTime , AvgTime , MinHops , MaxHops , AvgHops ,
PacketMinSketch ,  32 ,  4 ,  1 ,  1 ,  32.0  ,  100000 ,  1 ,  0.0  ,  0  ,  0  ,  0.0  ,  3  ,  3  ,  3.0  ,  1.33333333333  ,  3.0  ,  1.99751  ,  4  ,  9  ,  5.99253  ,
PacketMinSketch ,  32 ,  4 ,  1 ,  1 ,  32.0  ,  100000 ,  1 ,  0.0  ,  0  ,  0  ,  0.0  ,  4  ,  4  ,  4.0  ,  1.25  ,  3.0  ,  2.37484  ,  5  ,  12  ,  9.49936  ,
PacketMinSketch ,  32 ,  4 ,  1 ,  1 ,  32.0  ,  100000 ,  1 ,  0.0  ,  0  ,  0  ,  0.0  ,  5  ,  5  ,  5.0  ,  2.0  ,  2.8  ,  2.400086  ,  10  ,  14  ,  12.00043  ,
PacketMinSketch ,  32 ,  4 ,  1 ,  1 ,  32.0  ,  100000 ,  1 ,  0.0  ,  0  ,  0  ,  0.0  ,  6  ,  6  ,  6.0  ,  1.83333333333  ,  2.66666666667  ,  2.24964  ,  11  ,  16  ,  13.49784  ,
PacketMinSketch ,  32 ,  4 ,  1 ,  1 ,  32.0  ,  100000 ,  1 ,  0.0  ,  0  ,  0  ,  0.0  ,  7  ,  7  ,  7.0  ,  1.71428571429  ,  2.57142857143  ,  2.14299571429  ,  12  ,  18  ,  15.00097  ,
PacketMinSketch ,  32 ,  4 ,  1 ,  1 ,  32.0  ,  100000 ,  1 ,  0.0  ,  0  ,  0  ,  0.0  ,  8  ,  8  ,  8.0  ,  1.625  ,  2.5  ,  2.0622175  ,  13  ,  20  ,  16.49774  ,
PacketMinSketch ,  32 ,  4 ,  1 ,  1 ,  32.0  ,  100000 ,  1 ,  0.0  ,  0  ,  0  ,  0.0  ,  9  ,  9  ,  9.0  ,  1.55555555556  ,  3.44444444444  ,  2.11053777778  ,  14  ,  31  ,  18.99484  ,
PacketMinSketch ,  32 ,  4 ,  1 ,  1 ,  32.0  ,  100000 ,  1 ,  0.0  ,  0  ,  0  ,  0.0  ,  10  ,  10  ,  10.0  ,  1.5  ,  3.4  ,  2.251222  ,  15  ,  34  ,  22.51222  ,
PacketMinSketch ,  32 ,  4 ,  1 ,  1 ,  32.0  ,  100000 ,  1 ,  0.0  ,  0  ,  0  ,  0.0  ,  11  ,  11  ,  11.0  ,  1.45454545455  ,  3.36363636364  ,  2.35976636364  ,  16  ,  37  ,  25.95743  ,
PacketMinSketch ,  32 ,  4 ,  1 ,  1 ,  32.0  ,  100000 ,  1 ,  0.0  ,  0  ,  0  ,  0.0  ,  12  ,  12  ,  12.0  ,  1.41666666667  ,  3.33333333333  ,  2.45721166667  ,  17  ,  40  ,  29.48654  ,
PacketMinSketch ,  32 ,  4 ,  1 ,  1 ,  32.0  ,  100000 ,  1 ,  0.0  ,  0  ,  0  ,  0.0  ,  13  ,  13  ,  13.0  ,  1.38461538462  ,  3.30769230769  ,  2.53594230769  ,  18  ,  43  ,  32.96725  ,
PacketMinSketch ,  32 ,  4 ,  1 ,  1 ,  32.0  ,  100000 ,  1 ,  0.0  ,  0  ,  0  ,  0.0  ,  14  ,  14  ,  14.0  ,  1.35714285714  ,  3.28571428571  ,  2.60612071429  ,  19  ,  46  ,  36.48569  ,
PacketMinSketch ,  32 ,  4 ,  1 ,  1 ,  32.0  ,  100000 ,  1 ,  0.0  ,  0  ,  0  ,  0.0  ,  15  ,  15  ,  15.0  ,  1.33333333333  ,  3.26666666667  ,  2.667212  ,  20  ,  49  ,  40.00818  ,
PacketMinSketch ,  32 ,  4 ,  1 ,  1 ,  32.0  ,  100000 ,  1 ,  0.0  ,  0  ,  0  ,  0.0  ,  16  ,  16  ,  16.0  ,  1.3125  ,  3.25  ,  2.719111875  ,  21  ,  52  ,  43.50579  ,
PacketMinSketch ,  32 ,  4 ,  1 ,  1 ,  32.0  ,  100000 ,  1 ,  0.0  ,  0  ,  0  ,  0.0  ,  17  ,  17  ,  17.0  ,  2.23529411765  ,  3.17647058824  ,  2.70516647059  ,  38  ,  54  ,  45.98783  ,
PacketMinSketch ,  32 ,  4 ,  1 ,  1 ,  32.0  ,  100000 ,  1 ,  0.0  ,  0  ,  0  ,  0.0  ,  18  ,  18  ,  18.0  ,  2.16666666667  ,  3.11111111111  ,  2.63919666667  ,  39  ,  56  ,  47.50554  ,
PacketMinSketch ,  32 ,  4 ,  1 ,  1 ,  32.0  ,  100000 ,  1 ,  0.0  ,  0  ,  0  ,  0.0  ,  19  ,  19  ,  19.0  ,  2.10526315789  ,  3.05263157895  ,  2.57997631579  ,  40  ,  58  ,  49.01955  ,
PacketMinSketch ,  32 ,  4 ,  1 ,  1 ,  32.0  ,  100000 ,  1 ,  0.0  ,  0  ,  0  ,  0.0  ,  20  ,  20  ,  20.0  ,  2.05  ,  3.0  ,  2.5249105  ,  41  ,  60  ,  50.49821  ,
PacketMinSketch ,  32 ,  4 ,  1 ,  1 ,  32.0  ,  100000 ,  1 ,  0.0  ,  0  ,  0  ,  0.0  ,  21  ,  21  ,  21.0  ,  2.0  ,  2.95238095238  ,  2.47788857143  ,  42  ,  62  ,  52.03566  ,
PacketMinSketch ,  32 ,  4 ,  1 ,  1 ,  32.0  ,  100000 ,  1 ,  0.0  ,  0  ,  0  ,  0.0  ,  22  ,  22  ,  22.0  ,  1.95454545455  ,  2.90909090909  ,  2.43139409091  ,  43  ,  64  ,  53.49067  ,
PacketMinSketch ,  32 ,  4 ,  1 ,  1 ,  32.0  ,  100000 ,  1 ,  0.0  ,  0  ,  0  ,  0.0  ,  23  ,  23  ,  23.0  ,  1.91304347826  ,  2.86956521739  ,  2.39236130435  ,  44  ,  66  ,  55.02431  ,
PacketMinSketch ,  32 ,  4 ,  1 ,  1 ,  32.0  ,  100000 ,  1 ,  0.0  ,  0  ,  0  ,  0.0  ,  24  ,  24  ,  24.0  ,  1.875  ,  2.83333333333  ,  2.35364541667  ,  45  ,  68  ,  56.48749  ,
PacketMinSketch ,  32 ,  4 ,  1 ,  1 ,  32.0  ,  100000 ,  1 ,  0.0  ,  0  ,  0  ,  0.0  ,  25  ,  25  ,  25.0  ,  1.84  ,  2.8  ,  2.3195084  ,  46  ,  70  ,  57.98771  ,
PacketMinSketch ,  32 ,  4 ,  1 ,  1 ,  32.0  ,  100000 ,  1 ,  0.0  ,  0  ,  0  ,  0.0  ,  26  ,  26  ,  26.0  ,  1.80769230769  ,  2.76923076923  ,  2.28857692308  ,  47  ,  72  ,  59.503  ,
PacketMinSketch ,  32 ,  4 ,  1 ,  1 ,  32.0  ,  100000 ,  1 ,  0.0  ,  0  ,  0  ,  0.0  ,  27  ,  27  ,  27.0  ,  1.77777777778  ,  2.74074074074  ,  2.25983111111  ,  48  ,  74  ,  61.01544  ,
PacketMinSketch ,  32 ,  4 ,  1 ,  1 ,  32.0  ,  100000 ,  1 ,  0.0  ,  0  ,  0  ,  0.0  ,  28  ,  28  ,  28.0  ,  1.75  ,  2.71428571429  ,  2.23192071429  ,  49  ,  76  ,  62.49378  ,
PacketMinSketch ,  32 ,  4 ,  1 ,  1 ,  32.0  ,  100000 ,  1 ,  0.0  ,  0  ,  0  ,  0.0  ,  29  ,  29  ,  29.0  ,  1.72413793103  ,  2.68965517241  ,  2.20833310345  ,  50  ,  78  ,  64.04166  ,
PacketMinSketch ,  32 ,  4 ,  1 ,  1 ,  32.0  ,  100000 ,  1 ,  0.0  ,  0  ,  0  ,  0.0  ,  30  ,  30  ,  30.0  ,  1.7  ,  2.66666666667  ,  2.18431066667  ,  51  ,  80  ,  65.52932  ,
PacketMinSketch ,  32 ,  4 ,  1 ,  1 ,  32.0  ,  100000 ,  1 ,  0.0  ,  0  ,  0  ,  0.0  ,  31  ,  31  ,  31.0  ,  1.67741935484  ,  2.64516129032  ,  2.16237806452  ,  52  ,  82  ,  67.03372  ,

PacketMinSketch ,  32 ,  4 ,  1 ,  1 ,  32.0  ,  100000 ,  1 ,  0.0  ,  3  ,  3  ,  3.0  ,  3  ,  3  ,  3.0  ,  1.33333333333  ,  1.66666666667  ,  1.49934  ,  8  ,  10  ,  8.99604  ,
PacketMinSketch ,  32 ,  4 ,  1 ,  1 ,  32.0  ,  100000 ,  1 ,  0.0  ,  3  ,  3  ,  3.0  ,  4  ,  4  ,  4.0  ,  1.28571428571  ,  1.71428571429  ,  1.50041  ,  9  ,  12  ,  10.50287  ,
PacketMinSketch ,  32 ,  4 ,  1 ,  1 ,  32.0  ,  100000 ,  1 ,  0.0  ,  3  ,  3  ,  3.0  ,  5  ,  5  ,  5.0  ,  1.25  ,  1.75  ,  1.49991  ,  10  ,  14  ,  11.99928  ,
PacketMinSketch ,  32 ,  4 ,  1 ,  1 ,  32.0  ,  100000 ,  1 ,  0.0  ,  3  ,  3  ,  3.0  ,  6  ,  6  ,  6.0  ,  1.22222222222  ,  1.77777777778  ,  1.49961444444  ,  11  ,  16  ,  13.49653  ,
PacketMinSketch ,  32 ,  4 ,  1 ,  1 ,  32.0  ,  100000 ,  1 ,  0.0  ,  3  ,  3  ,  3.0  ,  7  ,  7  ,  7.0  ,  1.2  ,  1.8  ,  1.499807  ,  12  ,  18  ,  14.99807  ,
PacketMinSketch ,  32 ,  4 ,  1 ,  1 ,  32.0  ,  100000 ,  1 ,  0.0  ,  3  ,  3  ,  3.0  ,  8  ,  8  ,  8.0  ,  1.18181818182  ,  1.81818181818  ,  1.49911272727  ,  13  ,  20  ,  16.49024  ,
PacketMinSketch ,  32 ,  4 ,  1 ,  1 ,  32.0  ,  100000 ,  1 ,  0.0  ,  3  ,  3  ,  3.0  ,  9  ,  9  ,  9.0  ,  1.16666666667  ,  2.58333333333  ,  1.58366666667  ,  14  ,  31  ,  19.004  ,
PacketMinSketch ,  32 ,  4 ,  1 ,  1 ,  32.0  ,  100000 ,  1 ,  0.0  ,  3  ,  3  ,  3.0  ,  10  ,  10  ,  10.0  ,  1.15384615385  ,  2.61538461538  ,  1.73159230769  ,  15  ,  34  ,  22.5107  ,
PacketMinSketch ,  32 ,  4 ,  1 ,  1 ,  32.0  ,  100000 ,  1 ,  0.0  ,  3  ,  3  ,  3.0  ,  11  ,  11  ,  11.0  ,  1.14285714286  ,  2.64285714286  ,  1.85612142857  ,  16  ,  37  ,  25.9857  ,
PacketMinSketch ,  32 ,  4 ,  1 ,  1 ,  32.0  ,  100000 ,  1 ,  0.0  ,  3  ,  3  ,  3.0  ,  12  ,  12  ,  12.0  ,  1.13333333333  ,  2.66666666667  ,  1.96990533333  ,  17  ,  40  ,  29.54858  ,
PacketMinSketch ,  32 ,  4 ,  1 ,  1 ,  32.0  ,  100000 ,  1 ,  0.0  ,  3  ,  3  ,  3.0  ,  13  ,  13  ,  13.0  ,  1.125  ,  2.6875  ,  2.06338625  ,  18  ,  43  ,  33.01418  ,
PacketMinSketch ,  32 ,  4 ,  1 ,  1 ,  32.0  ,  100000 ,  1 ,  0.0  ,  3  ,  3  ,  3.0  ,  14  ,  14  ,  14.0  ,  1.11764705882  ,  2.70588235294  ,  2.14529647059  ,  19  ,  46  ,  36.47004  ,
PacketMinSketch ,  32 ,  4 ,  1 ,  1 ,  32.0  ,  100000 ,  1 ,  0.0  ,  3  ,  3  ,  3.0  ,  15  ,  15  ,  15.0  ,  1.11111111111  ,  2.72222222222  ,  2.22304055556  ,  20  ,  49  ,  40.01473  ,
PacketMinSketch ,  32 ,  4 ,  1 ,  1 ,  32.0  ,  100000 ,  1 ,  0.0  ,  3  ,  3  ,  3.0  ,  16  ,  16  ,  16.0  ,  1.10526315789  ,  2.73684210526  ,  2.28944105263  ,  21  ,  52  ,  43.49938  ,
PacketMinSketch ,  32 ,  4 ,  1 ,  1 ,  32.0  ,  100000 ,  1 ,  0.0  ,  3  ,  3  ,  3.0  ,  17  ,  17  ,  17.0  ,  1.9  ,  2.7  ,  2.300076  ,  38  ,  54  ,  46.00152  ,
PacketMinSketch ,  32 ,  4 ,  1 ,  1 ,  32.0  ,  100000 ,  1 ,  0.0  ,  3  ,  3  ,  3.0  ,  18  ,  18  ,  18.0  ,  1.85714285714  ,  2.66666666667  ,  2.26291714286  ,  39  ,  56  ,  47.52126  ,
PacketMinSketch ,  32 ,  4 ,  1 ,  1 ,  32.0  ,  100000 ,  1 ,  0.0  ,  3  ,  3  ,  3.0  ,  19  ,  19  ,  19.0  ,  1.81818181818  ,  2.63636363636  ,  2.22699545455  ,  40  ,  58  ,  48.9939  ,
PacketMinSketch ,  32 ,  4 ,  1 ,  1 ,  32.0  ,  100000 ,  1 ,  0.0  ,  3  ,  3  ,  3.0  ,  20  ,  20  ,  20.0  ,  1.78260869565  ,  2.60869565217  ,  2.19643652174  ,  41  ,  60  ,  50.51804  ,
PacketMinSketch ,  32 ,  4 ,  1 ,  1 ,  32.0  ,  100000 ,  1 ,  0.0  ,  3  ,  3  ,  3.0  ,  21  ,  21  ,  21.0  ,  1.75  ,  2.58333333333  ,  2.16552291667  ,  42  ,  62  ,  51.97255  ,
PacketMinSketch ,  32 ,  4 ,  1 ,  1 ,  32.0  ,  100000 ,  1 ,  0.0  ,  3  ,  3  ,  3.0  ,  22  ,  22  ,  22.0  ,  1.72  ,  2.56  ,  2.1400972  ,  43  ,  64  ,  53.50243  ,
PacketMinSketch ,  32 ,  4 ,  1 ,  1 ,  32.0  ,  100000 ,  1 ,  0.0  ,  3  ,  3  ,  3.0  ,  23  ,  23  ,  23.0  ,  1.69230769231  ,  2.53846153846  ,  2.11622923077  ,  44  ,  66  ,  55.02196  ,
PacketMinSketch ,  32 ,  4 ,  1 ,  1 ,  32.0  ,  100000 ,  1 ,  0.0  ,  3  ,  3  ,  3.0  ,  24  ,  24  ,  24.0  ,  1.66666666667  ,  2.51851851852  ,  2.09321074074  ,  45  ,  68  ,  56.51669  ,
PacketMinSketch ,  32 ,  4 ,  1 ,  1 ,  32.0  ,  100000 ,  1 ,  0.0  ,  3  ,  3  ,  3.0  ,  25  ,  25  ,  25.0  ,  1.64285714286  ,  2.5  ,  2.07110857143  ,  46  ,  70  ,  57.99104  ,
PacketMinSketch ,  32 ,  4 ,  1 ,  1 ,  32.0  ,  100000 ,  1 ,  0.0  ,  3  ,  3  ,  3.0  ,  26  ,  26  ,  26.0  ,  1.62068965517  ,  2.48275862069  ,  2.05268758621  ,  47  ,  72  ,  59.52794  ,
PacketMinSketch ,  32 ,  4 ,  1 ,  1 ,  32.0  ,  100000 ,  1 ,  0.0  ,  3  ,  3  ,  3.0  ,  27  ,  27  ,  27.0  ,  1.6  ,  2.46666666667  ,  2.03411133333  ,  48  ,  74  ,  61.02334  ,
PacketMinSketch ,  32 ,  4 ,  1 ,  1 ,  32.0  ,  100000 ,  1 ,  0.0  ,  3  ,  3  ,  3.0  ,  28  ,  28  ,  28.0  ,  1.58064516129  ,  2.45161290323  ,  2.01632451613  ,  49  ,  76  ,  62.50606  ,
PacketMinSketch ,  32 ,  4 ,  1 ,  1 ,  32.0  ,  100000 ,  1 ,  0.0  ,  3  ,  3  ,  3.0  ,  29  ,  29  ,  29.0  ,  1.5625  ,  2.4375  ,  2.0006703125  ,  50  ,  78  ,  64.02145  ,
PacketMinSketch ,  32 ,  4 ,  1 ,  1 ,  32.0  ,  100000 ,  1 ,  0.0  ,  3  ,  3  ,  3.0  ,  30  ,  30  ,  30.0  ,  1.54545454545  ,  2.42424242424  ,  1.9845769697  ,  51  ,  80  ,  65.49104  ,
PacketMinSketch ,  32 ,  4 ,  1 ,  1 ,  32.0  ,  100000 ,  1 ,  0.0  ,  3  ,  3  ,  3.0  ,  31  ,  31  ,  31.0  ,  1.52941176471  ,  2.41176470588  ,  1.97046529412  ,  52  ,  82  ,  66.99582  ,

PacketMinSketch ,  32 ,  4 ,  1 ,  1 ,  32.0  ,  100000 ,  1 ,  0.0  ,  7  ,  7  ,  7.0  ,  3  ,  3  ,  3.0  ,  1.0  ,  2.6  ,  1.661625  ,  10  ,  26  ,  16.61625  ,
PacketMinSketch ,  32 ,  4 ,  1 ,  1 ,  32.0  ,  100000 ,  1 ,  0.0  ,  7  ,  7  ,  7.0  ,  4  ,  4  ,  4.0  ,  1.0  ,  2.54545454545  ,  1.55946363636  ,  11  ,  28  ,  17.1541  ,
PacketMinSketch ,  32 ,  4 ,  1 ,  1 ,  32.0  ,  100000 ,  1 ,  0.0  ,  7  ,  7  ,  7.0  ,  5  ,  5  ,  5.0  ,  1.0  ,  2.5  ,  1.4982125  ,  12  ,  30  ,  17.97855  ,
PacketMinSketch ,  32 ,  4 ,  1 ,  1 ,  32.0  ,  100000 ,  1 ,  0.0  ,  7  ,  7  ,  7.0  ,  6  ,  6  ,  6.0  ,  1.0  ,  2.46153846154  ,  1.46131076923  ,  13  ,  32  ,  18.99704  ,
PacketMinSketch ,  32 ,  4 ,  1 ,  1 ,  32.0  ,  100000 ,  1 ,  0.0  ,  7  ,  7  ,  7.0  ,  7  ,  7  ,  7.0  ,  1.0  ,  2.42857142857  ,  1.43804857143  ,  14  ,  34  ,  20.13268  ,
PacketMinSketch ,  32 ,  4 ,  1 ,  1 ,  32.0  ,  100000 ,  1 ,  0.0  ,  7  ,  7  ,  7.0  ,  8  ,  8  ,  8.0  ,  1.0  ,  2.4  ,  1.47277933333  ,  15  ,  36  ,  22.09169  ,
PacketMinSketch ,  32 ,  4 ,  1 ,  1 ,  32.0  ,  100000 ,  1 ,  0.0  ,  7  ,  7  ,  7.0  ,  9  ,  9  ,  9.0  ,  1.0  ,  2.375  ,  1.56405625  ,  16  ,  38  ,  25.0249  ,
PacketMinSketch ,  32 ,  4 ,  1 ,  1 ,  32.0  ,  100000 ,  1 ,  0.0  ,  7  ,  7  ,  7.0  ,  10  ,  10  ,  10.0  ,  1.0  ,  2.35294117647  ,  1.64554941176  ,  17  ,  40  ,  27.97434  ,
PacketMinSketch ,  32 ,  4 ,  1 ,  1 ,  32.0  ,  100000 ,  1 ,  0.0  ,  7  ,  7  ,  7.0  ,  11  ,  11  ,  11.0  ,  1.0  ,  2.33333333333  ,  1.72700333333  ,  18  ,  42  ,  31.08606  ,
PacketMinSketch ,  32 ,  4 ,  1 ,  1 ,  32.0  ,  100000 ,  1 ,  0.0  ,  7  ,  7  ,  7.0  ,  12  ,  12  ,  12.0  ,  1.0  ,  2.31578947368  ,  1.80134421053  ,  19  ,  44  ,  34.22554  ,
PacketMinSketch ,  32 ,  4 ,  1 ,  1 ,  32.0  ,  100000 ,  1 ,  0.0  ,  7  ,  7  ,  7.0  ,  13  ,  13  ,  13.0  ,  1.0  ,  2.3  ,  1.8705425  ,  20  ,  46  ,  37.41085  ,
PacketMinSketch ,  32 ,  4 ,  1 ,  1 ,  32.0  ,  100000 ,  1 ,  0.0  ,  7  ,  7  ,  7.0  ,  14  ,  14  ,  14.0  ,  1.0  ,  2.28571428571  ,  1.93373190476  ,  21  ,  48  ,  40.60837  ,
PacketMinSketch ,  32 ,  4 ,  1 ,  1 ,  32.0  ,  100000 ,  1 ,  0.0  ,  7  ,  7  ,  7.0  ,  15  ,  15  ,  15.0  ,  1.63636363636  ,  2.27272727273  ,  1.95455454545  ,  36  ,  50  ,  43.0002  ,
PacketMinSketch ,  32 ,  4 ,  1 ,  1 ,  32.0  ,  100000 ,  1 ,  0.0  ,  7  ,  7  ,  7.0  ,  16  ,  16  ,  16.0  ,  1.60869565217  ,  2.26086956522  ,  1.93537826087  ,  37  ,  52  ,  44.5137  ,
PacketMinSketch ,  32 ,  4 ,  1 ,  1 ,  32.0  ,  100000 ,  1 ,  0.0  ,  7  ,  7  ,  7.0  ,  17  ,  17  ,  17.0  ,  1.58333333333  ,  2.25  ,  1.91624458333  ,  38  ,  54  ,  45.98987  ,
PacketMinSketch ,  32 ,  4 ,  1 ,  1 ,  32.0  ,  100000 ,  1 ,  0.0  ,  7  ,  7  ,  7.0  ,  18  ,  18  ,  18.0  ,  1.56  ,  2.24  ,  1.9005576  ,  39  ,  56  ,  47.51394  ,
PacketMinSketch ,  32 ,  4 ,  1 ,  1 ,  32.0  ,  100000 ,  1 ,  0.0  ,  7  ,  7  ,  7.0  ,  19  ,  19  ,  19.0  ,  1.53846153846  ,  2.23076923077  ,  1.88557461539  ,  40  ,  58  ,  49.02494  ,
PacketMinSketch ,  32 ,  4 ,  1 ,  1 ,  32.0  ,  100000 ,  1 ,  0.0  ,  7  ,  7  ,  7.0  ,  20  ,  20  ,  20.0  ,  1.51851851852  ,  2.22222222222  ,  1.87082407407  ,  41  ,  60  ,  50.51225  ,
PacketMinSketch ,  32 ,  4 ,  1 ,  1 ,  32.0  ,  100000 ,  1 ,  0.0  ,  7  ,  7  ,  7.0  ,  21  ,  21  ,  21.0  ,  1.5  ,  2.21428571429  ,  1.857245  ,  42  ,  62  ,  52.00286  ,
PacketMinSketch ,  32 ,  4 ,  1 ,  1 ,  32.0  ,  100000 ,  1 ,  0.0  ,  7  ,  7  ,  7.0  ,  22  ,  22  ,  22.0  ,  1.48275862069  ,  2.20689655172  ,  1.84542551724  ,  43  ,  64  ,  53.51734  ,
PacketMinSketch ,  32 ,  4 ,  1 ,  1 ,  32.0  ,  100000 ,  1 ,  0.0  ,  7  ,  7  ,  7.0  ,  23  ,  23  ,  23.0  ,  1.46666666667  ,  2.2  ,  1.834319  ,  44  ,  66  ,  55.02957  ,
PacketMinSketch ,  32 ,  4 ,  1 ,  1 ,  32.0  ,  100000 ,  1 ,  0.0  ,  7  ,  7  ,  7.0  ,  24  ,  24  ,  24.0  ,  1.45161290323  ,  2.1935483871  ,  1.82298096774  ,  45  ,  68  ,  56.51241  ,
PacketMinSketch ,  32 ,  4 ,  1 ,  1 ,  32.0  ,  100000 ,  1 ,  0.0  ,  7  ,  7  ,  7.0  ,  25  ,  25  ,  25.0  ,  1.4375  ,  2.1875  ,  1.8136953125  ,  46  ,  70  ,  58.03825  ,
PacketMinSketch ,  32 ,  4 ,  1 ,  1 ,  32.0  ,  100000 ,  1 ,  0.0  ,  7  ,  7  ,  7.0  ,  26  ,  26  ,  26.0  ,  1.42424242424  ,  2.18181818182  ,  1.8030769697  ,  47  ,  72  ,  59.50154  ,
PacketMinSketch ,  32 ,  4 ,  1 ,  1 ,  32.0  ,  100000 ,  1 ,  0.0  ,  7  ,  7  ,  7.0  ,  27  ,  27  ,  27.0  ,  1.41176470588  ,  2.17647058824  ,  1.79422470588  ,  48  ,  74  ,  61.00364  ,
PacketMinSketch ,  32 ,  4 ,  1 ,  1 ,  32.0  ,  100000 ,  1 ,  0.0  ,  7  ,  7  ,  7.0  ,  28  ,  28  ,  28.0  ,  1.4  ,  2.17142857143  ,  1.78615114286  ,  49  ,  76  ,  62.51529  ,
PacketMinSketch ,  32 ,  4 ,  1 ,  1 ,  32.0  ,  100000 ,  1 ,  0.0  ,  7  ,  7  ,  7.0  ,  29  ,  29  ,  29.0  ,  1.38888888889  ,  2.16666666667  ,  1.77836722222  ,  50  ,  78  ,  64.02122  ,
PacketMinSketch ,  32 ,  4 ,  1 ,  1 ,  32.0  ,  100000 ,  1 ,  0.0  ,  7  ,  7  ,  7.0  ,  30  ,  30  ,  30.0  ,  1.37837837838  ,  2.16216216216  ,  1.77026594595  ,  51  ,  80  ,  65.49984  ,
PacketMinSketch ,  32 ,  4 ,  1 ,  1 ,  32.0  ,  100000 ,  1 ,  0.0  ,  7  ,  7  ,  7.0  ,  31  ,  31  ,  31.0  ,  1.36842105263  ,  2.15789473684  ,  1.76345052632  ,  52  ,  82  ,  67.01112  ,



