  Class ,  z ,  b ,  c ,  H ,  Mem ,  Runs ,  Th ,  FP% ,  MinB ,  MaxB ,  AvgB ,  MinL ,  MaxL ,  AvgL ,  MinTime ,  MaxTime ,  AvgTime ,  MinHops ,  MaxHops ,  AvgHops ,
  PacketMinSketch ,  32 ,  4 ,  1 ,  1 ,  32.0  ,  100000 ,  1 ,  0.0  ,  5  ,  5  ,  5.0  ,  3  ,  3  ,  3.0  ,  1.0  ,  1.25  ,  1.124535  ,  8  ,  10  ,  8.99628  ,
  PacketMinSketch ,  32 ,  4 ,  1 ,  1 ,  32.0  ,  100000 ,  1 ,  0.0  ,  5  ,  5  ,  5.0  ,  4  ,  4  ,  4.0  ,  1.0  ,  1.3333333333333333  ,  1.1666333333320473  ,  9  ,  12  ,  10.4997  ,
  PacketMinSketch ,  32 ,  4 ,  1 ,  1 ,  32.0  ,  100000 ,  1 ,  0.0  ,  5  ,  5  ,  5.0  ,  5  ,  5  ,  5.0  ,  1.0  ,  1.4  ,  1.2001829999999964  ,  10  ,  14  ,  12.00183  ,
  PacketMinSketch ,  32 ,  4 ,  1 ,  1 ,  32.0  ,  100000 ,  1 ,  0.0  ,  5  ,  5  ,  5.0  ,  6  ,  6  ,  6.0  ,  1.0  ,  1.4545454545454546  ,  1.2268727272725666  ,  11  ,  16  ,  13.4956  ,
  PacketMinSketch ,  32 ,  4 ,  1 ,  1 ,  32.0  ,  100000 ,  1 ,  0.0  ,  5  ,  5  ,  5.0  ,  7  ,  7  ,  7.0  ,  1.0  ,  1.5  ,  1.2502875  ,  12  ,  18  ,  15.00345  ,
  PacketMinSketch ,  32 ,  4 ,  1 ,  1 ,  32.0  ,  100000 ,  1 ,  0.0  ,  5  ,  5  ,  5.0  ,  8  ,  8  ,  8.0  ,  1.0  ,  1.5384615384615385  ,  1.270259999998924  ,  13  ,  20  ,  16.51338  ,
  PacketMinSketch ,  32 ,  4 ,  1 ,  1 ,  32.0  ,  100000 ,  1 ,  0.0  ,  5  ,  5  ,  5.0  ,  9  ,  9  ,  9.0  ,  1.0  ,  2.2142857142857144  ,  1.3576128571430175  ,  14  ,  31  ,  19.00658  ,
  PacketMinSketch ,  32 ,  4 ,  1 ,  1 ,  32.0  ,  100000 ,  1 ,  0.0  ,  5  ,  5  ,  5.0  ,  10  ,  10  ,  10.0  ,  1.0  ,  2.2666666666666666  ,  1.4980753333324786  ,  15  ,  34  ,  22.47113  ,
  PacketMinSketch ,  32 ,  4 ,  1 ,  1 ,  32.0  ,  100000 ,  1 ,  0.0  ,  5  ,  5  ,  5.0  ,  11  ,  11  ,  11.0  ,  1.0  ,  2.3125  ,  1.62717125  ,  16  ,  37  ,  26.03474  ,
  PacketMinSketch ,  32 ,  4 ,  1 ,  1 ,  32.0  ,  100000 ,  1 ,  0.0  ,  5  ,  5  ,  5.0  ,  12  ,  12  ,  12.0  ,  1.0  ,  2.3529411764705883  ,  1.7345529411765979  ,  17  ,  40  ,  29.4874  ,
  PacketMinSketch ,  32 ,  4 ,  1 ,  1 ,  32.0  ,  100000 ,  1 ,  0.0  ,  5  ,  5  ,  5.0  ,  13  ,  13  ,  13.0  ,  1.0  ,  2.388888888888889  ,  1.8357211111115257  ,  18  ,  43  ,  33.04298  ,
  PacketMinSketch ,  32 ,  4 ,  1 ,  1 ,  32.0  ,  100000 ,  1 ,  0.0  ,  5  ,  5  ,  5.0  ,  14  ,  14  ,  14.0  ,  1.0  ,  2.4210526315789473  ,  1.9225810526316094  ,  19  ,  46  ,  36.52904  ,
  PacketMinSketch ,  32 ,  4 ,  1 ,  1 ,  32.0  ,  100000 ,  1 ,  0.0  ,  5  ,  5  ,  5.0  ,  15  ,  15  ,  15.0  ,  1.0  ,  2.45  ,  2.0002409999999946  ,  20  ,  49  ,  40.00482  ,
  PacketMinSketch ,  32 ,  4 ,  1 ,  1 ,  32.0  ,  100000 ,  1 ,  0.0  ,  5  ,  5  ,  5.0  ,  16  ,  16  ,  16.0  ,  1.0  ,  2.4761904761904763  ,  2.073066666666415  ,  21  ,  52  ,  43.5344  ,
  PacketMinSketch ,  32 ,  4 ,  1 ,  1 ,  32.0  ,  100000 ,  1 ,  0.0  ,  5  ,  5  ,  5.0  ,  17  ,  17  ,  17.0  ,  1.7272727272727273  ,  2.4545454545454546  ,  2.092223636363737  ,  38  ,  54  ,  46.02892  ,
  PacketMinSketch ,  32 ,  4 ,  1 ,  1 ,  32.0  ,  100000 ,  1 ,  0.0  ,  5  ,  5  ,  5.0  ,  18  ,  18  ,  18.0  ,  1.6956521739130435  ,  2.4347826086956523  ,  2.0651773913044402  ,  39  ,  56  ,  47.49908  ,
  PacketMinSketch ,  32 ,  4 ,  1 ,  1 ,  32.0  ,  100000 ,  1 ,  0.0  ,  5  ,  5  ,  5.0  ,  19  ,  19  ,  19.0  ,  1.6666666666666667  ,  2.4166666666666665  ,  2.0416233333332356  ,  40  ,  58  ,  48.99896  ,
  PacketMinSketch ,  32 ,  4 ,  1 ,  1 ,  32.0  ,  100000 ,  1 ,  0.0  ,  5  ,  5  ,  5.0  ,  20  ,  20  ,  20.0  ,  1.64  ,  2.4  ,  2.0200507999998525  ,  41  ,  60  ,  50.50127  ,
  PacketMinSketch ,  32 ,  4 ,  1 ,  1 ,  32.0  ,  100000 ,  1 ,  0.0  ,  5  ,  5  ,  5.0  ,  21  ,  21  ,  21.0  ,  1.6153846153846154  ,  2.3846153846153846  ,  1.9996288461538634  ,  42  ,  62  ,  51.99035  ,
  PacketMinSketch ,  32 ,  4 ,  1 ,  1 ,  32.0  ,  100000 ,  1 ,  0.0  ,  5  ,  5  ,  5.0  ,  22  ,  22  ,  22.0  ,  1.5925925925925926  ,  2.3703703703703702  ,  1.9820911111110644  ,  43  ,  64  ,  53.51646  ,
  PacketMinSketch ,  32 ,  4 ,  1 ,  1 ,  32.0  ,  100000 ,  1 ,  0.0  ,  5  ,  5  ,  5.0  ,  23  ,  23  ,  23.0  ,  1.5714285714285714  ,  2.357142857142857  ,  1.9638974999998058  ,  44  ,  66  ,  54.98913  ,
  PacketMinSketch ,  32 ,  4 ,  1 ,  1 ,  32.0  ,  100000 ,  1 ,  0.0  ,  5  ,  5  ,  5.0  ,  24  ,  24  ,  24.0  ,  1.5517241379310345  ,  2.3448275862068964  ,  1.9481027586205923  ,  45  ,  68  ,  56.49498  ,
  PacketMinSketch ,  32 ,  4 ,  1 ,  1 ,  32.0  ,  100000 ,  1 ,  0.0  ,  5  ,  5  ,  5.0  ,  25  ,  25  ,  25.0  ,  1.5333333333333334  ,  2.3333333333333335  ,  1.9317340000002363  ,  46  ,  70  ,  57.95202  ,
  PacketMinSketch ,  32 ,  4 ,  1 ,  1 ,  32.0  ,  100000 ,  1 ,  0.0  ,  5  ,  5  ,  5.0  ,  26  ,  26  ,  26.0  ,  1.5161290322580645  ,  2.3225806451612905  ,  1.9200761290328103  ,  47  ,  72  ,  59.52236  ,
  PacketMinSketch ,  32 ,  4 ,  1 ,  1 ,  32.0  ,  100000 ,  1 ,  0.0  ,  5  ,  5  ,  5.0  ,  27  ,  27  ,  27.0  ,  1.5  ,  2.3125  ,  1.9075553125  ,  48  ,  74  ,  61.04177  ,
  PacketMinSketch ,  32 ,  4 ,  1 ,  1 ,  32.0  ,  100000 ,  1 ,  0.0  ,  5  ,  5  ,  5.0  ,  28  ,  28  ,  28.0  ,  1.4848484848484849  ,  2.303030303030303  ,  1.8940045454541172  ,  49  ,  76  ,  62.50215  ,
  PacketMinSketch ,  32 ,  4 ,  1 ,  1 ,  32.0  ,  100000 ,  1 ,  0.0  ,  5  ,  5  ,  5.0  ,  29  ,  29  ,  29.0  ,  1.4705882352941178  ,  2.2941176470588234  ,  1.8819747058821128  ,  50  ,  78  ,  63.98714  ,
  PacketMinSketch ,  32 ,  4 ,  1 ,  1 ,  32.0  ,  100000 ,  1 ,  0.0  ,  5  ,  5  ,  5.0  ,  30  ,  30  ,  30.0  ,  1.457142857142857  ,  2.2857142857142856  ,  1.8716274285715615  ,  51  ,  80  ,  65.50696  ,
  PacketMinSketch ,  32 ,  4 ,  1 ,  1 ,  32.0  ,  100000 ,  1 ,  0.0  ,  5  ,  5  ,  5.0  ,  31  ,  31  ,  31.0  ,  1.4444444444444444  ,  2.2777777777777777  ,  1.8611855555554515  ,  52  ,  82  ,  67.00268  ,
  PacketMinSketch ,  32 ,  4 ,  1 ,  1 ,  33.0  ,  100000 ,  2 ,  0.0  ,  5  ,  5  ,  5.0  ,  3  ,  3  ,  3.0  ,  1.375  ,  1.625  ,  1.499535  ,  11  ,  13  ,  11.99628  ,
  PacketMinSketch ,  32 ,  4 ,  1 ,  1 ,  33.0  ,  100000 ,  2 ,  0.0  ,  5  ,  5  ,  5.0  ,  4  ,  4  ,  4.0  ,  1.4444444444444444  ,  1.7777777777777777  ,  1.6110777777783596  ,  13  ,  16  ,  14.4997  ,
  PacketMinSketch ,  32 ,  4 ,  1 ,  1 ,  33.0  ,  100000 ,  2 ,  0.0  ,  5  ,  5  ,  5.0  ,  5  ,  5  ,  5.0  ,  1.5  ,  1.9  ,  1.7001830000000235  ,  15  ,  19  ,  17.00183  ,
  PacketMinSketch ,  32 ,  4 ,  1 ,  1 ,  33.0  ,  100000 ,  2 ,  0.0  ,  5  ,  5  ,  5.0  ,  6  ,  6  ,  6.0  ,  1.5454545454545454  ,  2.5454545454545454  ,  1.8629818181794928  ,  17  ,  28  ,  20.4928  ,
  PacketMinSketch ,  32 ,  4 ,  1 ,  1 ,  33.0  ,  100000 ,  2 ,  0.0  ,  5  ,  5  ,  5.0  ,  7  ,  7  ,  7.0  ,  1.5833333333333333  ,  2.6666666666666665  ,  2.167789166666289  ,  19  ,  32  ,  26.01347  ,
  PacketMinSketch ,  32 ,  4 ,  1 ,  1 ,  33.0  ,  100000 ,  2 ,  0.0  ,  5  ,  5  ,  5.0  ,  8  ,  8  ,  8.0  ,  1.6153846153846154  ,  2.769230769230769  ,  2.424604615383766  ,  21  ,  36  ,  31.51986  ,
  PacketMinSketch ,  32 ,  4 ,  1 ,  1 ,  33.0  ,  100000 ,  2 ,  0.0  ,  5  ,  5  ,  5.0  ,  9  ,  9  ,  9.0  ,  2.142857142857143  ,  2.857142857142857  ,  2.5001499999999974  ,  30  ,  40  ,  35.0021  ,
  PacketMinSketch ,  32 ,  4 ,  1 ,  1 ,  33.0  ,  100000 ,  2 ,  0.0  ,  5  ,  5  ,  5.0  ,  10  ,  10  ,  10.0  ,  2.066666666666667  ,  2.933333333333333  ,  2.566821999999665  ,  31  ,  44  ,  38.50233  ,
  PacketMinSketch ,  32 ,  4 ,  1 ,  1 ,  33.0  ,  100000 ,  2 ,  0.0  ,  5  ,  5  ,  5.0  ,  11  ,  11  ,  11.0  ,  2.0  ,  3.0  ,  2.62619125  ,  32  ,  48  ,  42.01906  ,
  PacketMinSketch ,  32 ,  4 ,  1 ,  1 ,  33.0  ,  100000 ,  2 ,  0.0  ,  5  ,  5  ,  5.0  ,  12  ,  12  ,  12.0  ,  1.9411764705882353  ,  3.0588235294117645  ,  2.676863529412721  ,  33  ,  52  ,  45.50668  ,
  PacketMinSketch ,  32 ,  4 ,  1 ,  1 ,  33.0  ,  100000 ,  2 ,  0.0  ,  5  ,  5  ,  5.0  ,  13  ,  13  ,  13.0  ,  1.8888888888888888  ,  3.111111111111111  ,  2.723714999999529  ,  34  ,  56  ,  49.02687  ,
  PacketMinSketch ,  32 ,  4 ,  1 ,  1 ,  33.0  ,  100000 ,  2 ,  0.0  ,  5  ,  5  ,  5.0  ,  14  ,  14  ,  14.0  ,  1.8421052631578947  ,  3.1578947368421053  ,  2.7639294736835787  ,  35  ,  60  ,  52.51466  ,
  PacketMinSketch ,  32 ,  4 ,  1 ,  1 ,  33.0  ,  100000 ,  2 ,  0.0  ,  5  ,  5  ,  5.0  ,  15  ,  15  ,  15.0  ,  1.8  ,  3.2  ,  2.8012785000000044  ,  36  ,  64  ,  56.02557  ,
  PacketMinSketch ,  32 ,  4 ,  1 ,  1 ,  33.0  ,  100000 ,  2 ,  0.0  ,  5  ,  5  ,  5.0  ,  16  ,  16  ,  16.0  ,  1.7619047619047619  ,  3.238095238095238  ,  2.8349714285710967  ,  37  ,  68  ,  59.5344  ,
  PacketMinSketch ,  32 ,  4 ,  1 ,  1 ,  33.0  ,  100000 ,  2 ,  0.0  ,  5  ,  5  ,  5.0  ,  17  ,  17  ,  17.0  ,  2.5  ,  3.227272727272727  ,  2.864950909090573  ,  55  ,  71  ,  63.02892  ,
  PacketMinSketch ,  32 ,  4 ,  1 ,  1 ,  33.0  ,  100000 ,  2 ,  0.0  ,  5  ,  5  ,  5.0  ,  18  ,  18  ,  18.0  ,  2.4782608695652173  ,  3.217391304347826  ,  2.8477860869562726  ,  57  ,  74  ,  65.49908  ,
  PacketMinSketch ,  32 ,  4 ,  1 ,  1 ,  33.0  ,  100000 ,  2 ,  0.0  ,  5  ,  5  ,  5.0  ,  19  ,  19  ,  19.0  ,  2.4583333333333335  ,  3.2083333333333335  ,  2.8332900000001255  ,  59  ,  77  ,  67.99896  ,
  PacketMinSketch ,  32 ,  4 ,  1 ,  1 ,  33.0  ,  100000 ,  2 ,  0.0  ,  5  ,  5  ,  5.0  ,  20  ,  20  ,  20.0  ,  2.44  ,  3.2  ,  2.820050800000332  ,  61  ,  80  ,  70.50127  ,
  PacketMinSketch ,  32 ,  4 ,  1 ,  1 ,  33.0  ,  100000 ,  2 ,  0.0  ,  5  ,  5  ,  5.0  ,  21  ,  21  ,  21.0  ,  2.423076923076923  ,  3.1923076923076925  ,  2.8073211538461513  ,  63  ,  83  ,  72.99035  ,
  PacketMinSketch ,  32 ,  4 ,  1 ,  1 ,  33.0  ,  100000 ,  2 ,  0.0  ,  5  ,  5  ,  5.0  ,  22  ,  22  ,  22.0  ,  2.4074074074074074  ,  4.0  ,  2.8341103703701154  ,  65  ,  108  ,  76.52098  ,
  PacketMinSketch ,  32 ,  4 ,  1 ,  1 ,  33.0  ,  100000 ,  2 ,  0.0  ,  5  ,  5  ,  5.0  ,  23  ,  23  ,  23.0  ,  2.392857142857143  ,  4.0  ,  2.9291335714291233  ,  67  ,  112  ,  82.01574  ,
  PacketMinSketch ,  32 ,  4 ,  1 ,  1 ,  33.0  ,  100000 ,  2 ,  0.0  ,  5  ,  5  ,  5.0  ,  24  ,  24  ,  24.0  ,  2.3793103448275863  ,  4.0  ,  3.017104137931812  ,  69  ,  116  ,  87.49602  ,
  PacketMinSketch ,  32 ,  4 ,  1 ,  1 ,  33.0  ,  100000 ,  2 ,  0.0  ,  5  ,  5  ,  5.0  ,  25  ,  25  ,  25.0  ,  2.3666666666666667  ,  4.0  ,  3.096533999999953  ,  71  ,  120  ,  92.89602  ,
  PacketMinSketch ,  32 ,  4 ,  1 ,  1 ,  33.0  ,  100000 ,  2 ,  0.0  ,  5  ,  5  ,  5.0  ,  26  ,  26  ,  26.0  ,  2.3548387096774195  ,  4.0  ,  3.1791806451620057  ,  73  ,  124  ,  98.5546  ,
  PacketMinSketch ,  32 ,  4 ,  1 ,  1 ,  33.0  ,  100000 ,  2 ,  0.0  ,  5  ,  5  ,  5.0  ,  27  ,  27  ,  27.0  ,  2.34375  ,  4.0  ,  3.25294  ,  75  ,  128  ,  104.09408  ,
  PacketMinSketch ,  32 ,  4 ,  1 ,  1 ,  33.0  ,  100000 ,  2 ,  0.0  ,  5  ,  5  ,  5.0  ,  28  ,  28  ,  28.0  ,  2.3333333333333335  ,  4.0  ,  3.3184918181814638  ,  77  ,  132  ,  109.51023  ,
  PacketMinSketch ,  32 ,  4 ,  1 ,  1 ,  33.0  ,  100000 ,  2 ,  0.0  ,  5  ,  5  ,  5.0  ,  29  ,  29  ,  29.0  ,  2.323529411764706  ,  4.0  ,  3.3825626470601744  ,  79  ,  136  ,  115.00713  ,
  PacketMinSketch ,  32 ,  4 ,  1 ,  1 ,  33.0  ,  100000 ,  2 ,  0.0  ,  5  ,  5  ,  5.0  ,  30  ,  30  ,  30.0  ,  2.3142857142857145  ,  4.0  ,  3.4447331428564723  ,  81  ,  140  ,  120.56566  ,
  PacketMinSketch ,  32 ,  4 ,  1 ,  1 ,  33.0  ,  100000 ,  2 ,  0.0  ,  5  ,  5  ,  5.0  ,  31  ,  31  ,  31.0  ,  2.3055555555555554  ,  4.0  ,  3.5001555555559043  ,  83  ,  144  ,  126.0056  ,
  PacketMinSketch ,  32 ,  4 ,  1 ,  1 ,  34.0  ,  100000 ,  4 ,  0.0  ,  5  ,  5  ,  5.0  ,  3  ,  3  ,  3.0  ,  2.125  ,  2.375  ,  2.249535  ,  17  ,  19  ,  17.99628  ,
  PacketMinSketch ,  32 ,  4 ,  1 ,  1 ,  34.0  ,  100000 ,  4 ,  0.0  ,  5  ,  5  ,  5.0  ,  4  ,  4  ,  4.0  ,  2.3333333333333335  ,  3.111111111111111  ,  2.8332288888894133  ,  21  ,  28  ,  25.49906  ,
  PacketMinSketch ,  32 ,  4 ,  1 ,  1 ,  34.0  ,  100000 ,  4 ,  0.0  ,  5  ,  5  ,  5.0  ,  5  ,  5  ,  5.0  ,  2.6  ,  3.4  ,  3.1012129999999773  ,  26  ,  34  ,  31.01213  ,
  PacketMinSketch ,  32 ,  4 ,  1 ,  1 ,  34.0  ,  100000 ,  4 ,  0.0  ,  5  ,  5  ,  5.0  ,  6  ,  6  ,  6.0  ,  3.0  ,  3.6363636363636362  ,  3.3180909090914263  ,  33  ,  40  ,  36.499  ,
  PacketMinSketch ,  32 ,  4 ,  1 ,  1 ,  34.0  ,  100000 ,  4 ,  0.0  ,  5  ,  5  ,  5.0  ,  7  ,  7  ,  7.0  ,  2.9166666666666665  ,  3.8333333333333335  ,  3.500997499999992  ,  35  ,  46  ,  42.01197  ,
  PacketMinSketch ,  32 ,  4 ,  1 ,  1 ,  34.0  ,  100000 ,  4 ,  0.0  ,  5  ,  5  ,  5.0  ,  8  ,  8  ,  8.0  ,  2.8461538461538463  ,  4.0  ,  3.6553738461509586  ,  37  ,  52  ,  47.51986  ,
  PacketMinSketch ,  32 ,  4 ,  1 ,  1 ,  34.0  ,  100000 ,  4 ,  0.0  ,  5  ,  5  ,  5.0  ,  9  ,  9  ,  9.0  ,  3.4285714285714284  ,  4.142857142857143  ,  3.785864285714653  ,  48  ,  58  ,  53.0021  ,
  PacketMinSketch ,  32 ,  4 ,  1 ,  1 ,  34.0  ,  100000 ,  4 ,  0.0  ,  5  ,  5  ,  5.0  ,  10  ,  10  ,  10.0  ,  3.4  ,  4.266666666666667  ,  3.90015533333427  ,  51  ,  64  ,  58.50233  ,
  PacketMinSketch ,  32 ,  4 ,  1 ,  1 ,  34.0  ,  100000 ,  4 ,  0.0  ,  5  ,  5  ,  5.0  ,  11  ,  11  ,  11.0  ,  3.375  ,  4.375  ,  4.00119125  ,  54  ,  70  ,  64.01906  ,
  PacketMinSketch ,  32 ,  4 ,  1 ,  1 ,  34.0  ,  100000 ,  4 ,  0.0  ,  5  ,  5  ,  5.0  ,  12  ,  12  ,  12.0  ,  3.3529411764705883  ,  4.470588235294118  ,  4.0886282352944745  ,  57  ,  76  ,  69.50668  ,
  PacketMinSketch ,  32 ,  4 ,  1 ,  1 ,  34.0  ,  100000 ,  4 ,  0.0  ,  5  ,  5  ,  5.0  ,  13  ,  13  ,  13.0  ,  3.3333333333333335  ,  4.555555555555555  ,  4.168159444442953  ,  60  ,  82  ,  75.02687  ,
  PacketMinSketch ,  32 ,  4 ,  1 ,  1 ,  34.0  ,  100000 ,  4 ,  0.0  ,  5  ,  5  ,  5.0  ,  14  ,  14  ,  14.0  ,  3.3157894736842106  ,  5.368421052631579  ,  4.39744947368653  ,  63  ,  102  ,  83.55154  ,
  PacketMinSketch ,  32 ,  4 ,  1 ,  1 ,  34.0  ,  100000 ,  4 ,  0.0  ,  5  ,  5  ,  5.0  ,  15  ,  15  ,  15.0  ,  3.3  ,  5.45  ,  4.754008500000023  ,  66  ,  109  ,  95.08017  ,
  PacketMinSketch ,  32 ,  4 ,  1 ,  1 ,  34.0  ,  100000 ,  4 ,  0.0  ,  5  ,  5  ,  5.0  ,  16  ,  16  ,  16.0  ,  3.2857142857142856  ,  5.523809523809524  ,  5.073516190477444  ,  69  ,  116  ,  106.54384  ,
  PacketMinSketch ,  32 ,  4 ,  1 ,  1 ,  34.0  ,  100000 ,  4 ,  0.0  ,  5  ,  5  ,  5.0  ,  17  ,  17  ,  17.0  ,  4.636363636363637  ,  5.545454545454546  ,  5.1370781818179365  ,  102  ,  122  ,  113.01572  ,
  PacketMinSketch ,  32 ,  4 ,  1 ,  1 ,  34.0  ,  100000 ,  4 ,  0.0  ,  5  ,  5  ,  5.0  ,  18  ,  18  ,  18.0  ,  4.478260869565218  ,  5.565217391304348  ,  5.15280347826175  ,  103  ,  128  ,  118.51448  ,
  PacketMinSketch ,  32 ,  4 ,  1 ,  1 ,  34.0  ,  100000 ,  4 ,  0.0  ,  5  ,  5  ,  5.0  ,  19  ,  19  ,  19.0  ,  4.333333333333333  ,  5.583333333333333  ,  5.167439999999236  ,  104  ,  134  ,  124.01856  ,
  PacketMinSketch ,  32 ,  4 ,  1 ,  1 ,  34.0  ,  100000 ,  4 ,  0.0  ,  5  ,  5  ,  5.0  ,  20  ,  20  ,  20.0  ,  4.2  ,  5.6  ,  5.1810188000009445  ,  105  ,  140  ,  129.52547  ,
  PacketMinSketch ,  32 ,  4 ,  1 ,  1 ,  34.0  ,  100000 ,  4 ,  0.0  ,  5  ,  5  ,  5.0  ,  21  ,  21  ,  21.0  ,  4.076923076923077  ,  5.615384615384615  ,  5.191943846153434  ,  106  ,  146  ,  134.99054  ,
  PacketMinSketch ,  32 ,  4 ,  1 ,  1 ,  34.0  ,  100000 ,  4 ,  0.0  ,  5  ,  5  ,  5.0  ,  22  ,  22  ,  22.0  ,  4.777777777777778  ,  5.62962962962963  ,  5.20410518518502  ,  129  ,  152  ,  140.51084  ,
  PacketMinSketch ,  32 ,  4 ,  1 ,  1 ,  34.0  ,  100000 ,  4 ,  0.0  ,  5  ,  5  ,  5.0  ,  23  ,  23  ,  23.0  ,  4.678571428571429  ,  5.642857142857143  ,  5.214471071428745  ,  131  ,  158  ,  146.00519  ,
  PacketMinSketch ,  32 ,  4 ,  1 ,  1 ,  34.0  ,  100000 ,  4 ,  0.0  ,  5  ,  5  ,  5.0  ,  24  ,  24  ,  24.0  ,  4.586206896551724  ,  5.655172413793103  ,  5.224160689655828  ,  133  ,  164  ,  151.50066  ,
  PacketMinSketch ,  32 ,  4 ,  1 ,  1 ,  34.0  ,  100000 ,  4 ,  0.0  ,  5  ,  5  ,  5.0  ,  25  ,  25  ,  25.0  ,  4.5  ,  5.666666666666667  ,  5.232300666667256  ,  135  ,  170  ,  156.96902  ,
  PacketMinSketch ,  32 ,  4 ,  1 ,  1 ,  34.0  ,  100000 ,  4 ,  0.0  ,  5  ,  5  ,  5.0  ,  26  ,  26  ,  26.0  ,  4.419354838709677  ,  5.67741935483871  ,  5.24287612903336  ,  137  ,  176  ,  162.52916  ,
  PacketMinSketch ,  32 ,  4 ,  1 ,  1 ,  34.0  ,  100000 ,  4 ,  0.0  ,  5  ,  5  ,  5.0  ,  27  ,  27  ,  27.0  ,  4.34375  ,  5.6875  ,  5.251564375  ,  139  ,  182  ,  168.05006  ,
  PacketMinSketch ,  32 ,  4 ,  1 ,  1 ,  34.0  ,  100000 ,  4 ,  0.0  ,  5  ,  5  ,  5.0  ,  28  ,  28  ,  28.0  ,  4.2727272727272725  ,  5.696969696969697  ,  5.25802636363526  ,  141  ,  188  ,  173.51487  ,
  PacketMinSketch ,  32 ,  4 ,  1 ,  1 ,  34.0  ,  100000 ,  4 ,  0.0  ,  5  ,  5  ,  5.0  ,  29  ,  29  ,  29.0  ,  4.205882352941177  ,  5.705882352941177  ,  5.2649270588249815  ,  143  ,  194  ,  179.00752  ,
  PacketMinSketch ,  32 ,  4 ,  1 ,  1 ,  34.0  ,  100000 ,  4 ,  0.0  ,  5  ,  5  ,  5.0  ,  30  ,  30  ,  30.0  ,  4.142857142857143  ,  5.714285714285714  ,  5.271381714285689  ,  145  ,  200  ,  184.49836  ,
  PacketMinSketch ,  32 ,  4 ,  1 ,  1 ,  34.0  ,  100000 ,  4 ,  0.0  ,  5  ,  5  ,  5.0  ,  31  ,  31  ,  31.0  ,  4.083333333333333  ,  5.722222222222222  ,  5.277695555555629  ,  147  ,  206  ,  189.99704  ,
